0 0 0.2881410078125 0.290859303125 0.2183112578125 0.9331491249999999 0.048557542187500004 0.9324483671875001 0.034863396875 0.615985675 0.11822218749999999 0.23131428281250002 0.21192249375 0 0.26327372968749996 0 0.2881410078125
0 0.8103303203125 0.0521903625 0.738883815625 0.07180890625 0.64853213125 0.0793986546875 0.6486998703125 0.09044592500000001 0.7365842312499999 0.08564718906249999 0.8215453296874999 0.06306989375 0.8182910640625 0.052511481250000006 0.8103303203125 0.0521903625
0 0.6586016859375 0.0730578640625 0.7116381765625001 0.058329801562500005 0.679550771875 0.0555020640625 0.6476311046875 0.0637215953125 0.64552229375 0.07038350625 0.6586016859375 0.0730578640625
0 0.8307138578125001 0.04105204375 0.8619002375000001 0.028202721874999996 0.8668511453125 0.019508692187500003 0.794806640625 0.034083373437499995 0.7844159671875001 0.048384909375 0.8307138578125001 0.04105204375
0 0.38188310468750003 0.1437793859375 0.3831052484375 0.1514957015625 0.47635762656249997 0.1509637671875 0.5749587218750001 0.12427305 0.5668302390625 0.1129046609375 0.47669932187499997 0.134893353125 0.38188310468750003 0.1437793859375
0 0.4963146375 0.0971796296875 0.49420582812499997 0.10384154062499999 0.5026554296875 0.107249184375 0.545622365625 0.0988619140625 0.57599876875 0.09088681093749999 0.5786731265625 0.0778074203125 0.4963146375 0.0971796296875
0 0 0.2510236546875 0.044502765625 0.2510023921875 0.2104418859375 0.2199742875 0.43054859375000004 0.1613831578125 0.42753875781249995 0.152368009375 0.41007400625 0.1519702 0.0646259171875 0.2271074953125 0 0.23010179062499997 0 0.2510236546875
0 0.388621703125 0.136384190625 0.39869125781250003 0.13004339843749999 0.40445214218750003 0.11647515 0.312589646875 0.1357706703125 0.314545078125 0.148116775 0.388621703125 0.136384190625
0 0 0.2151342484375 0.04358738125 0.2052700484375 0.053489196875 0.18788198750000001 0 0.1980758359375 0 0.2151342484375
0 0.12180493750000002 0.1897176515625 0.28676634375 0.15251649375 0.2786378609375 0.14114810625000002 0.11034550000000001 0.1772948578125 0.1102688109375 0.1867988640625 0.12180493750000002 0.1897176515625
0 1 0.8630262703125 0.971322778125 0.8888689953125001 0.9026235874999999 0.9345533671874999 0.8958849890625 0.9419485640625 1 0.9254583656250001 1 0.8630262703125
0 0.9292382640625 0.023865334375 0.8790542046875001 0.0320138921875 0.83924015 0.034955681249999995 0.839163459375 0.0444596890625 0.8440376781250001 0.045269665625 0.891313284375 0.0441098515625 0.932592009375 0.0350518453125 0.9292382640625 0.023865334375