0 0.5505442296874999 0.5394538828125001 0.5520108031250001 0.5487134609375001 0.566710146875 0.541639384375 0.5659768609375 0.5370095953125 0.5505442296874999 0.5394538828125001
0 0.5532665609375 0.4567599171875 0.5362906671875 0.459448634375 0.541255934375 0.4808098875 0.55693299375 0.47990886250000003 0.5532665609375 0.4567599171875
0 0.9885721437500001 0.43843754218750003 0.9499905671875 0.44454826406250003 0.9519459984375 0.4568943671875 0.967790796875 0.46704061250000006 0.9993893437500001 0.466781825 0.994989625 0.43900308906249996 0.9885721437500001 0.43843754218750003
0 0.2413740484375 0.525142559375 0.24568271875 0.5323700171875 0.28085665 0.534708896875 0.3953935921875 0.5387157015625 0.40083335781249996 0.533108196875 0.3682570953125 0.5271939328124999 0.2413740484375 0.525142559375
0 0.236806590625 0.4863165546875 0.39276720468750004 0.4821805171875 0.38804636718749996 0.4623625265625 0.243133021875 0.466330825 0.23078691718750002 0.46828625625000003 0.236806590625 0.4863165546875
0 0 0.5228519296874999 0.1205873640625 0.5316174765625 0.12911365625 0.5255211140625 0.21513857656250002 0.5292978500000001 0.22236603437500002 0.5249891796874999 0.0007640359375 0.5142101609374999 0 0.514331171875 0 0.5228519296874999
0 0 0.49002402187499994 0.2126799296875 0.483809934375 0.208692378125 0.4686217328125 0 0.4739427671875 0 0.49002402187499994
0 0.733885771875 0.548382878125 0.7228385015625001 0.5485506171875 0.7276360296875 0.5588645999999999 0.74436749375 0.5546326203125 0.733885771875 0.548382878125
0 0.7867688828125 0.5526628296875 0.78317783125 0.5585860015625 0.889320334375 0.5694171265625 0.888371225 0.5634246859375 0.7867688828125 0.5526628296875
0 1 0.5753051 0.9202371484375 0.5663270218750001 0.9219481515625001 0.5771298640625 1 0.5876818390625 1 0.5753051
0 0.074859590625 0.8821490015625001 0.10114303437500001 0.8083791343750001 0.09672895625 0.750545115625 0.0674692890625 0.7156299734375 0.0690370296875 0.790499428125 0.04673101875 0.8343988953125001 0.058463604687500004 0.908475521875 0.074859590625 0.8821490015625001