0 0 0.215625 0.3375 0.1890625 0.9984375 0.121875 0.9998876062500001 0.10823982968750001 0.67428090625 0.1410666625 0.2796875 0.1734375 0 0.190625 0 0.215625
0 0.884375 0.1078125 0.8765625 0.10625 0.8029266046875 0.1144503109375 0.7125 0.1078125 0.7109375 0.11875 0.798490546875 0.12775848750000002 0.8859375 0.11875 0.884375 0.1078125
0 0.746875 0.0890625 0.7140625 0.0921875 0.7109375 0.0984375 0.7234375 0.103125 0.778125 0.096875 0.746875 0.0890625
0 0.9375 0.0828125 0.8640625 0.0859375 0.8515625 0.0984375 0.8984375 0.0984375 0.93125 0.090625 0.9375 0.0828125
0 0.6265625 0.128125 0.5341014546875 0.1357433921875 0.4390625 0.1296875 0.4390625 0.1375 0.53125 0.1515625 0.6328125 0.140625 0.6265625 0.128125
0 0.6390625 0.1078125 0.64375 0.0953125 0.559375 0.1015625 0.55625 0.1078125 0.5640625 0.1125 0.6078125 0.1109375 0.6390625 0.1078125
0 0.484375 0.1546875 0.4828125 0.1453125 0.465625 0.1421875 0.11267588749999999 0.16235974375 0.0015625 0.15 0 0.16875 0.0890625 0.1828125 0.2578125 0.178125 0.484375 0.1546875
0 0.465625 0.10625 0.371875 0.1109375 0.371875 0.1234375 0.446875 0.1234375 0.4578125 0.11875 0.465625 0.10625
0 0 0.14375 0.0953125 0.1375 0.1078125 0.121875 0.0078125 0.125 0 0.1265625 0 0.14375
0 0.3375 0.1109375 0.165625 0.1203125 0.1640625 0.1296875 0.175 0.134375 0.34375 0.1234375 0.3375 0.1109375
0 0.9984375 0.896875 0.9046875 0.9578125 0.8296875 0.9921875 0.821875 0.9984375 0.9515625 0.9984375 0.9984375 0.9671875 0.9984375 0.896875
0 1 0.108448428125 0.9984375 0.096875 0.947596575 0.09707271875 0.9078125 0.09375 0.90625 0.103125 0.9109375 0.1046875 0.9578125 0.1109375 1 0.108448428125