0 0.5498479671875 0.5403299921875 0.551152715625 0.5496137562500001 0.5659732796875 0.54279729375 0.56532090625 0.5381554125 0.5498479671875 0.5403299921875
0 0.554013090625 0.4576961328125 0.536992859375 0.46008817031250004 0.5415845640625 0.4815328265625 0.5572749609375001 0.48090554062499996 0.554013090625 0.4576961328125
0 0.9895721453125 0.446973678125 0.9508897984375 0.4524101265625 0.9526294625 0.464788478125 0.9682947703125 0.4752097078125 0.9998930218750001 0.4755024296875 0.995978778125 0.447651140625 0.9895721453125 0.446973678125
0 0.24097464062500001 0.520625084375 0.2451565171875 0.5279266375 0.280284271875 0.53087903125 0.3947338421875 0.5368841718749999 0.40027064375 0.5313724578125 0.367802559375 0.5248905609375 0.24097464062500001 0.520625084375
0 0.23708548437500002 0.48172527968749995 0.3930945296875 0.48031176093749994 0.3887202828125 0.4604143984375 0.2437597515625 0.46185300625 0.23138140156250003 0.46359267031250007 0.23708548437500002 0.48172527968749995
0 0 0.51415136875 0.1200933484375 0.524990996875 0.12872473906249998 0.5190443671875 0.21467064374999997 0.5243218703125 0.2219721984375 0.5201399921875 0.0005920703125 0.505495128125 0 0.5055783375 0 0.51415136875
0 0 0.4813022796875 0.21300624531249998 0.47879797343749997 0.209284371875 0.46354249375 0 0.46522479843750003 0 0.4813022796875
0 0.7330057515624999 0.552457378125 0.7219572375000001 0.552432290625 0.72657403125 0.56282843125 0.7433768046875 0.5588891 0.7330057515624999 0.552457378125
0 0.7858061125 0.557659615625 0.782112234375 0.5635192124999999 0.8880495421875001 0.57620113125 0.8872051609374999 0.5701930374999999 0.7858061125 0.557659615625
0 1 0.5842009640625 0.919015578125 0.5736510703125 0.920537784375 0.5844821265625 1 0.59664048125 1 0.5842009640625
0 0.068254921875 0.874671075 0.0958218234375 0.801371153125 0.09241776093750001 0.7434689062500001 0.063771903125 0.7080484296875 0.064032753125 0.7829338421875 0.0409639890625 0.82643733125 0.051401971874999994 0.9007074359375 0.068254921875 0.874671075