0 0 0.295962940625 0.28597500937500003 0.22200416875 0.925204396875 0.0410668046875 0.9242647500000001 0.027386975 0.6093050671875 0.1162561046875 0.226327559375 0.2166555828125 0 0.27106115937499997 0 0.295962940625
0 0.8024677 0.046842554687499996 0.73137446875 0.0677050234375 0.641169003125 0.076870471875 0.6415295171875 0.08791313125 0.72931674375 0.08158133281249999 0.8138708749999999 0.0575247 0.8104328359374999 0.047024690625 0.8024677 0.046842554687499996
0 0.6511263625 0.0703549078125 0.703897734375 0.054703475 0.6717658656250001 0.052436170312499995 0.6399945125000001 0.061211525 0.6380022890625 0.0679092234375 0.6511263625 0.0703549078125
0 0.8226537421875 0.035350190625 0.8536111203125 0.02195855 0.8584095421875 0.013179437499999998 0.7866303734375 0.029009249999999997 0.7764908796875 0.04348995 0.8226537421875 0.035350190625
0 0.3756841875 0.1458950640625 0.3770408125 0.153588875 0.47026970468749996 0.15142954375 0.568389965625 0.123022065625 0.560064315625 0.11179726875 0.47033088125000005 0.1353556125 0.3756841875 0.1458950640625
0 0.48928501406249997 0.0973053 0.4872927921875 0.104003 0.495800578125 0.10726265937499999 0.5386145921875001 0.0981267890625 0.5688471828125 0.089622759375 0.5712928671874999 0.0764986875 0.48928501406249997 0.0973053
0 0 0.2597112203125 0.0402265328125 0.2589898390625 0.205598865625 0.225070421875 0.4246494921875 0.162646825 0.421482778125 0.153685578125 0.4040137453125 0.15359263125 0.05992959531249999 0.234747384375 0 0.23857325624999998 0 0.2597112203125
0 0.382292696875 0.138383390625 0.39225005468749996 0.1318678265625 0.3977732640625 0.11820110312500001 0.3062615125 0.13909690624999999 0.30843211406250004 0.151407003125 0.382292696875 0.138383390625
0 0 0.22270577500000002 0.0385131484375 0.2132804359375 0.0481099921875 0.1957222125 0 0.205764071875 0 0.22270577500000002
0 0.116447365625 0.1963653234375 0.280734396875 0.15629085781250002 0.27240874531250003 0.1450660625 0.10477286562499999 0.184144415625 0.10486205468750001 0.1936483140625 0.116447365625 0.1963653234375
0 1 0.8600867593749999 0.9780376937499999 0.880584053125 0.9101462687499999 0.9274604328124999 0.903537759375 0.9349721078125001 1 0.9179632124999999 1 0.8600867593749999
0 0.9208631921875 0.0164466109375 0.8708289890625001 0.025469759375 0.8310723390625 0.029105953125 0.8311615296875001 0.038609851562500005 0.836049140625 0.039334637500000005 0.8832973046875001 0.037349926562500003 0.924411659375 0.027572887499999997 0.9208631921875 0.0164466109375