0 0.54375 0.546875 0.54375 0.55625 0.559375 0.5515625 0.559375 0.546875 0.54375 0.546875
0 0.559375 0.465625 0.5421875 0.465625 0.54375 0.4875 0.559375 0.4890625 0.559375 0.465625
0 0.9984375 0.5453125 0.9984375 0.5171875 0.9921875 0.515625 0.953125 0.515625 0.953125 0.528125 0.9671875 0.540625 0.9984375 0.5453125
0 0.396875 0.5171875 0.365625 0.50625 0.240625 0.484375 0.24375 0.4921875 0.278125 0.5 0.390625 0.521875 0.396875 0.5171875
0 0.3953125 0.4453125 0.2515625 0.4265625 0.2390625 0.4265625 0.2421875 0.4453125 0.396875 0.465625 0.3953125 0.4453125
0 0 0.44375 0.1203125 0.471875 0.1296875 0.4671875 0.2140625 0.484375 0.221875 0.48125 0.0046875 0.4359375 0 0.4359375 0 0.44375
0 0 0.4109375 0.21875 0.4390625 0.2171875 0.4234375 0.0046875 0.3953125 0 0.3953125 0 0.4109375
0 0.7234375 0.584375 0.7125 0.5828125 0.715625 0.59375 0.7328125 0.5921875 0.7234375 0.584375
0 0.775 0.596875 0.770526571875 0.6021634828125 0.8736679234375 0.6294656046875 0.8736679234375 0.6233984671874999 0.775 0.596875
0 0.9046875 0.63125 0.9046875 0.6421875 0.9984375 0.6703125 0.9953125 0.65625 0.9046875 0.63125
0 0 0.834375 0.0203125 0.8109375 0.0578125 0.7421875 0.0625 0.684375 0.0390625 0.6453125 0.0288987765625 0.7195054359374999 0 0.759375 0 0.834375